0.999999999999576   0.000000000004239
   0.999999999982640   0.000000000173597
   0.999999999884875   0.000000001151250
   0.999999999586236   0.000000004137645
   0.999999998910876   0.000000010891243
   0.999999997627107   0.000000023728932
   0.999999995447360   0.000000045526398
   0.999999992028149   0.000000079718502
   0.999999986970038   0.000000130299613
   0.999999979817604   0.000000201823943
   0.999999970059411   0.000000299405848
   0.999999957127980   0.000000428720120
   0.999999940399758   0.000000596002259
   0.999999919195099   0.000000808048714
   0.999999892778236   0.000001072217124
   0.999999860357260   0.000001396426518
   0.999999821084104   0.000001789157519
   0.999999774054520   0.000002259452504
   0.999999718308067   0.000002816915757
   0.999999652828097   0.000003471713608
   0.999999576541739   0.000004234574539
   0.999999488319895   0.000005116789268
   0.999999386977226   0.000006130210831
   0.999999271272148   0.000007287254620
   0.999999139906829   0.000008600898417
   0.999998991527184   0.000010084682395
   0.999998824722874   0.000011752709104
   0.999998638027309   0.000013619643440
   0.999998429917650   0.000015700712570
   0.999998198814814   0.000018011705866
   0.999997943083482   0.000020568974790
   0.999997661032105   0.000023389432769
   0.999997350912916   0.000026490555047
   0.999997010921945   0.000029890378499
   0.999996639199028   0.000033607501449
   0.999996233827829   0.000037661083433
   0.999995792835854   0.000042070844959
   0.999995314194473   0.000046857067231
   0.999994795818941   0.000052040591854
   0.999994235568423   0.000057642820507
   0.999993631246019   0.000063685714597
   0.999992980598792   0.000070191794882
   0.999992281317797   0.000077184141072
   0.999991531038113   0.000084686391390
   0.999990727338877   0.000092722742127
   0.999989867743316   0.000101317947150
   0.999988949718788   0.000110497317388
   0.999987970676821   0.000120286720292
   0.999986927973150   0.000130712579266
   0.999985818907763   0.000141801873062
   0.999984640724946   0.000153582135146
   0.999983390613327   0.000166081453048
   0.999982065705929   0.000179328467653
   0.999980663080213   0.000193352372492
   0.999979179758140   0.000208182912971
   0.999977612706216   0.000223850385596
   0.999975958835553   0.000240385637141
   0.999974215001928   0.000257820063797
   0.999972378005839   0.000276185610280
   0.999970444592570   0.000295514768907
   0.999968411452250   0.000315840578642
   0.999966275219928   0.000337196624090
   0.999964032475628   0.000359617034480
   0.999961679744428   0.000383136482585
   0.999959213496527   0.000407790183622
   0.999956630147319   0.000433613894111
   0.999953926057468   0.000460643910687
   0.999951097532984   0.000488917068889
   0.999948140825302   0.000518470741888
   0.999945052131364   0.000549342839198
   0.999941827593699   0.000581571805329
   0.999938463300511   0.000615196618404
   0.999934955285762   0.000650256788735
   0.999931299529259   0.000686792357359
   0.999927491956748   0.000724843894526
   0.999923528440004   0.000764452498139
   0.999919404796924   0.000805659792165
   0.999915116791624   0.000848507924984
   0.999910660134534   0.000893039567699
   0.999906030482499   0.000939297912406
   0.999901223438882   0.000987326670403
   0.999896234553663   0.001037170070364
   0.999891059323547   0.001088872856458
   0.999885693192069   0.001142480286418
   0.999880131549703   0.001198038129567
   0.999874369733973   0.001255592664786
   0.999868403029566   0.001315190678435
   0.999862226668443   0.001376879462222
   0.999855835829958   0.001440706811017
   0.999849225640975   0.001506721020617
   0.999842391175987   0.001574970885451
   0.999835327457237   0.001645505696240
   0.999828029454845   0.001718375237590
   0.999820492086927   0.001793629785541
   0.999812710219727   0.001871320105049
   0.999804678667744   0.001951497447415
   0.999796392193863   0.002034213547660
   0.999787845509486   0.002119520621836
   0.999779033274669   0.002207471364273
   0.999769950098254   0.002298118944783
   0.999760590538012   0.002391517005784
   0.999750949100778   0.002487719659370
   0.999741020242596   0.002586781484324
   0.999730798368859   0.002688757523061
   0.999720277834457   0.002793703278506
   0.999709452943923   0.002901674710918
   0.999698317951580   0.003012728234639
   0.999686867061695   0.003126920714775
   0.999675094428626   0.003244309463826
   0.999662994156981   0.003364952238230
   0.999650560301773   0.003488907234852
   0.999637786868573   0.003616233087400
   0.999624667813677   0.003746988862769
   0.999611197044259   0.003881234057324
   0.999597368418540   0.004019028593100
   0.999583175745949   0.004160432813937
   0.999568612787293   0.004305507481552
   0.999553673254920   0.004454313771518
   0.999538350812894   0.004606913269187
   0.999522639077164   0.004763367965533
   0.999506531615735   0.004923740252919
   0.999490021948851   0.005088092920787
   0.999473103549163   0.005256489151284
   0.999455769841911   0.005428992514791
   0.999438014205106   0.005605666965395
   0.999419829969711   0.005786576836270
   0.999401210419822   0.005971786834986
   0.999382148792858   0.006161362038731
   0.999362638279745   0.006355367889466
   0.999342672025104   0.006553870188990
   0.999322243127445   0.006756935093924
   0.999301344639357   0.006964629110618
   0.999279969567701   0.007177019089974
   0.999258110873810   0.007394172222188
   0.999235761473678   0.007616156031401
   0.999212914238169   0.007843038370278
   0.999189561993210   0.008074887414496
   0.999165697519996   0.008311771657144
   0.999141313555194   0.008553759903047
   0.999116402791148   0.008800921262997
   0.999090957876088   0.009053325147895
   0.999064971414337   0.009311041262818
   0.999038435966520   0.009574139600987
   0.999011344049779   0.009842690437650
   0.998983688137989   0.010116764323884
   0.998955460661965   0.010396432080299
   0.998926654009688   0.010681764790653
   0.998897260526519   0.010972833795391
   0.998867272515418   0.011269710685073
   0.998836682237172   0.011572467293735
   0.998805481910610   0.011881175692135
   0.998773663712835   0.012195908180934
   0.998741219779446   0.012516737283761
   0.998708142204771   0.012843735740206
   0.998674423042090   0.013176976498708
   0.998640054303873   0.013516532709363
   0.998605027962009   0.013862477716622
   0.998569335948040   0.014214885051920
   0.998532970153401   0.014573828426189
   0.998495922429653   0.014939381722298
   0.998458184588724   0.015311618987380
   0.998419748403150   0.015690614425086
   0.998380605606317   0.016076442387729
   0.998340747892702   0.016469177368346
   0.998300166918124   0.016868893992657
   0.998258854299983   0.017275667010941
   0.998216801617514   0.017689571289802
   0.998174000412037   0.018110681803866
   0.998130442187201   0.018539073627352
   0.998086118409246   0.018974821925585
   0.998041020507250   0.019418001946382
   0.997995139873388   0.019868689011367
   0.997948467863187   0.020326958507183
   0.997900995795788   0.020792885876614
   0.997852714954201   0.021266546609606
   0.997803616585571   0.021748016234211
   0.997753691901436   0.022237370307417
   0.997702932077997   0.022734684405905
   0.997651328256378   0.023240034116696
   0.997598871542897   0.023753495027725
   0.997545553009332   0.024275142718300
   0.997491363693193   0.024805052749492
   0.997436294597991   0.025343300654417
   0.997380336693514   0.025889961928439
   0.997323480916095   0.026445112019270
   0.997265718168895   0.027008826316996
   0.997207039322174   0.027581180143994
   0.997147435213572   0.028162248744781
   0.997086896648387   0.028752107275757
   0.997025414399856   0.029350830794868
   0.996962979209439   0.029958494251182
   0.996899581787100   0.030575172474375
   0.996835212811593   0.031200940164134
   0.996769862930748   0.031835871879474
   0.996703522761759   0.032480042027966
   0.996636182891472   0.033133524854886
   0.996567833876673   0.033796394432282
   0.996498466244386   0.034468724647954
   0.996428070492156   0.035150589194349
   0.996356637088351   0.035842061557390
   0.996284156472454   0.036543215005211
   0.996210619055357   0.037254122576817
   0.996136015219665   0.037974857070670
   0.996060335319987   0.038705491033196
   0.995983569683242   0.039446096747212
   0.995905708608958   0.040196746220285
   0.995826742369573   0.040957511173016
   0.995746661210744   0.041728463027249
   0.995665455351646   0.042509672894206
   0.995583114985280   0.043301211562565
   0.995499630278783   0.044103149486453
   0.995414991373731   0.044915556773383
   0.995329188386457   0.045738503172118
   0.995242211408352   0.046572058060478
   0.995154050506184   0.047416290433078
   0.995064695722408   0.048271268889001
   0.994974137075481   0.049137061619421
   0.994882364560179   0.050013736395159
   0.994789368147909   0.050901360554183
   0.994695137787031   0.051800000989057
   0.994599663403175   0.052709724134332
   0.994502934899562   0.053630595953879
   0.994404942157321   0.054562681928189
   0.994305675035815   0.055506047041603
   0.994205123372963   0.056460755769512
   0.994103276985563   0.057426872065498
   0.994000125669618   0.058404459348445
   0.993895659200661   0.059393580489596
   0.993789867334084   0.060394297799584
   0.993682739805466   0.061406673015407
   0.993574266330898   0.062430767287388
   0.993464436607321   0.063466641166088
   0.993353240312848   0.064514354589190
   0.993240667107106   0.065573966868359
   0.993126706631560   0.066645536676067
   0.993011348509854   0.067729122032399
   0.992894582348141   0.068824780291835
   0.992776397735423   0.069932568130013
   0.992656784243886   0.071052541530466
   0.992535731429238   0.072184755771356
   0.992413228831048   0.073329265412185
   0.992289265973087   0.074486124280497
   0.992163832363666   0.075655385458573
   0.992036917495979   0.076837101270127
   0.991908510848447   0.078031323266979
   0.991778601885059   0.079238102215747
   0.991647180055716   0.080457488084532
   0.991514234796580   0.081689530029612
   0.991379755530414   0.082934276382132
   0.991243731666933   0.084191774634814
   0.991106152603150   0.085462071428684
   0.990967007723724   0.086745212539797
   0.990826286401312   0.088041242865996
   0.990683977996914   0.089350206413684
   0.990540071860230   0.090672146284624
   0.990394557330004   0.092007104662761
   0.990247423734385   0.093355122801077
   0.990098660391272   0.094716241008478
   0.989948256608675   0.096090498636715
   0.989796201685064   0.097477934067349
   0.989642484909726   0.098878584698745
   0.989487095563124   0.100292486933130
   0.989330022917249   0.101719676163679
   0.989171256235983   0.103160186761662
   0.989010784775450   0.104614052063650
   0.988848597784383   0.106081304358769
   0.988684684504478   0.107561974876012
   0.988519034170755   0.109056093771631
   0.988351636011922   0.110563690116576
   0.988182479250730   0.112084791884022
   0.988011553104345   0.113619425936955
   0.987838846784702   0.115167618015842
   0.987664349498871   0.116729392726388
   0.987488050449424   0.118304773527362
   0.987309938834796   0.119893782718516
   0.987130003849651   0.121496441428604
   0.986948234685250   0.123112769603481
   0.986764620529814   0.124742785994303
   0.986579150568894   0.126386508145841
   0.986391813985735   0.128043952384872
   0.986202599961649   0.129715133808709
   0.986011497676378   0.131400066273820
   0.985818496308467   0.133098762384571
   0.985623585035631   0.134811233482082
   0.985426753035127   0.136537489633217
   0.985227989484125   0.138277539619680
   0.985027283560076   0.140031390927261
   0.984824624441084   0.141799049735200
   0.984620001306283   0.143580520905690
   0.984413403336202   0.145375807973525
   0.984204819713144   0.147184913135885
   0.983994239621554   0.149007837242276
   0.983781652248396   0.150844579784608
   0.983567046783528   0.152695138887438
   0.983350412420073   0.154559511298371
   0.983131738354796   0.156437692378610
   0.982911013788479   0.158329676093687
   0.982688227926295   0.160235455004353
   0.982463369978188   0.162155020257637
   0.982236429159242   0.164088361578094
   0.982007394690068   0.166035467259217
   0.981776255797169   0.167996324155041
   0.981543001713327   0.169970917671933
   0.981307621677976   0.171959231760566
   0.981070104937579   0.173961248908095
   0.980830440746010   0.175976950130518
   0.980588618364927   0.178006314965256
   0.980344627064156   0.180049321463912
   0.980098456122066   0.182105946185263
   0.979850094825950   0.184176164188445
   0.979599532472403   0.186259949026357
   0.979346758367705   0.188357272739290
   0.979091761828193   0.190468105848763
   0.978834532180652   0.192592417351598
   0.978575058762683   0.194730174714214
   0.978313330923094   0.196881343867152
   0.978049338022274   0.199045889199841
   0.977783069432575   0.201223773555595
   0.977514514538694   0.203414958226852
   0.977243662738052   0.205619402950660
   0.976970503441176   0.207837065904412
   0.976695026072080   0.210067903701818
   0.976417220068648   0.212311871389152
   0.976137074883011   0.214568922441735
   0.975854579981932   0.216839008760689
   0.975569724847185   0.219122080669956
   0.975282498975939   0.221418086913565
   0.974992891881139   0.223726974653190
   0.974700893091883   0.226048689465967
   0.974406492153811   0.228383175342578
   0.974109678629482   0.230730374685632
   0.973810442098753   0.233090228308303
   0.973508772159170   0.235462675433266
   0.973204658426337   0.237847653691907
   0.972898090534310   0.240245099123830
   0.972589058135966   0.242654946176646
   0.972277550903397   0.245077127706051
   0.971963558528281   0.247511574976214
   0.971647070722268   0.249958217660439
   0.971328077217363   0.252416983842151
   0.971006567766301   0.254887800016157
   0.970682532142935   0.257370591090234
   0.970355960142611   0.259865280387003
   0.970026841582552   0.262371789646124
   0.969695166302237   0.264890039026794
   0.969360924163784   0.267419947110553
   0.969024105052327   0.269961430904411
   0.968684698876398   0.272514405844282
   0.968342695568305   0.275078785798738
   0.967998085084515   0.277654483073077
   0.967650857406030   0.280241408413720
   0.967301002538769   0.282839471012910
   0.966948510513946   0.285448578513751
   0.966593371388448   0.288068637015565
   0.966235575245214   0.290699551079567
   0.965875112193614   0.293341223734867
   0.965511972369827   0.295993556484809
   0.965146145937218   0.298656449313620
   0.964777623086715   0.301329800693409
   0.964406394037189   0.304013507591464
   0.964032449035826   0.306707465477915
   0.963655778358509   0.309411568333693
   0.963276372310189   0.312125708658849
   0.962894221225265   0.314849777481177
   0.962509315467957   0.317583664365191
   0.962121645432683   0.320327257421419
   0.961731201544429   0.323080443316033
   0.961337974259132   0.325843107280812
   0.960941954064044   0.328615133123436
   0.960543131478114   0.331396403238105
   0.960141497052354   0.334186798616502
   0.959737041370217   0.336986198859072
   0.959329755047968   0.339794482186643
   0.958919628735052   0.342611525452367
   0.958506653114472   0.345437204154000
   0.958090818903152   0.348271392446498
   0.957672116852313   0.351113963154954
   0.957250537747844   0.353964787787847
   0.956826072410663   0.356823736550626
   0.956398711697095   0.359690678359623
   0.955968446499235   0.362565480856265
   0.955535267745318   0.365448010421637
   0.955099166400085   0.368338132191345
   0.954660133465148   0.371235710070706
   0.954218159979362   0.374140606750251
   0.953773237019182   0.377052683721539
   0.953325355699036   0.379971801293299
   0.952874507171681   0.382897818607862
   0.952420682628575   0.385830593657917
   0.951963873300233   0.388769983303566
   0.951504070456596   0.391715843289688
   0.951041265407384   0.394668028263602
   0.950575449502466   0.397626391793020
   0.950106614132215   0.400590786384324
   0.949634750727868   0.403561063501097
   0.949159850761888   0.406537073582980
   0.948681905748319   0.409518666064800
   0.948200907243145   0.412505689395978
   0.947716846844648   0.415497991060238
   0.947229716193760   0.418495417595569
   0.946739506974425   0.421497814614486
   0.946246210913946   0.424505026824543
   0.945749819783346   0.427516898049127
   0.945250325397715   0.430533271248505
   0.944747719616566   0.433553988541143
   0.944241994344187   0.436578891225271
   0.943733141529988   0.439607819800706
   0.943221153168854   0.442640613990920
   0.942706021301492   0.445677112765354
   0.942187738014782   0.448717154361967
   0.941666295442122   0.451760576310032
   0.941141685763774   0.454807215453145
   0.940613901207213   0.457856907972475
   0.940082934047465   0.460909489410225
   0.939548776607461   0.463964794693317
   0.939011421258370   0.467022658157285
   0.938470860419947   0.470082913570370
   0.937927086560871   0.473145394157830
   0.937380092199089   0.476209932626427
   0.936829869902149   0.479276361189121
   0.936276412287546   0.482344511589944
   0.935719712023052   0.485414215129051
   0.935159761827058   0.488485302687949
   0.934596554468906   0.491557604754895
   0.934030082769225   0.494630951450457
   0.933460339600263   0.497705172553230
   0.932887317886221   0.500780097525707
   0.932311010603583   0.503855555540294
   0.931731410781446   0.506931375505463
   0.931148511501852   0.510007386092044
   0.930562305900112   0.513083415759637
   0.929972787165138   0.516159292783148
   0.929379948539764   0.519234845279446
   0.928783783321075   0.522309901234118
   0.928184284860728   0.525384288528330
   0.927581446565278   0.528457834965791
   0.926975261896496   0.531530368299791
   0.926365724371693   0.534601716260333
   0.925752827564036   0.537671706581342
   0.925136565102869   0.540740167027928
   0.924516930674030   0.543806925423730
   0.923893918020166   0.546871809678301
   0.923267520941046   0.549934647814546
   0.922637733293879   0.552995267996207
   0.922004548993624   0.556053498555370
   0.921367962013298   0.559109168020014
   0.920727966384295   0.562162105141567
   0.920084556196683   0.565212138922481
   0.919437725599523   0.568259098643817
   0.918787468801166   0.571302813892820
   0.918133780069565   0.574343114590496
   0.917476653732574   0.577379831019160
   0.916816084178253   0.580412793849975
   0.916152065855171   0.583441834170452
   0.915484593272700   0.586466783511918
   0.914813661001322   0.589487473876929
   0.914139263672917   0.592503737766649
   0.913461395981068   0.595515408208150
   0.912780052681350   0.598522318781657
   0.912095228591627   0.601524303647720
   0.911406918592340   0.604521197574289
   0.910715117626803   0.607512835963727
   0.910019820701486   0.610499054879698
   0.909321022886311   0.613479691073968
   0.908618719314930   0.616454582013096
   0.907912905185018   0.619423565904998
   0.907203575758551   0.622386481725390
   0.906490726362093   0.625343169244095
   0.905774352387072   0.628293469051218
   0.905054449290067   0.631237222583165
   0.904331012593077   0.634174272148504
   0.903604037883806   0.637104460953680
   0.902873520815933   0.640027633128543
   0.902139457109390   0.642943633751708
   0.901401842550630   0.645852308875733
   0.900660672992901   0.648753505552103
   0.899915944356514   0.651647071856015
   0.899167652629113   0.654532856910963
   0.898415793865938   0.657410710913107
   0.897660364190094   0.660280485155426
   0.896901359792811   0.663142032051646
   0.896138776933708   0.665995205159931
   0.895372611941052   0.668839859206342
   0.894602861212017   0.671675850108046
   0.893829521212944   0.674503034996271
   0.893052588479593   0.677321272239010
   0.892272059617398   0.680130421463449
   0.891487931301722   0.682930343578130
   0.890700200278104   0.685720900794837
   0.889908863362514   0.688501956650193
   0.889113917441594   0.691273376026968
   0.888315359472910   0.694035025175094
   0.887513186485193   0.696786771732369
   0.886707395578583   0.699528484744864
   0.885897983924874   0.702260034687003
   0.885084948767745   0.704981293481333
   0.884268287423006   0.707692134517964
   0.883447997278834   0.710392432673674
   0.882624075796001   0.713082064330687
   0.881796520508114   0.715760907395096
   0.880965329021843   0.718428841314949
   0.880130499017154   0.721085747097978
   0.879292028247531   0.723731507328970
   0.878449914540208   0.726366006186778
   0.877604155796391   0.728989129460958
   0.876754749991482   0.731600764568046
   0.875901695175298   0.734200800567445
   0.875044989472294   0.736789128176939
   0.874184631081776   0.739365639787820
   0.873320618278123   0.741930229479626
   0.872452949410995   0.744482793034480
   0.871581622905548   0.747023227951038
   0.870706637262647   0.749551433458033
   0.869827991059072   0.752067310527412
   0.868945682947723   0.754570761887068
   0.868059711657833   0.757061692033154
   0.867170075995163   0.759540007241987
   0.866276774842208   0.762005615581530
   0.865379807158397   0.764458426922457
   0.864479171980291   0.766898352948784
   0.863574868421776   0.769325307168081
   0.862666895674262   0.771739204921254
   0.861755253006874   0.774139963391888
   0.860839939766641   0.776527501615160
   0.859920955378687   0.778901740486320
   0.858998299346417   0.781262602768717
   0.858071971251703   0.783610013101407
   0.857141970755066   0.785943898006296
   0.856208297595859   0.788264185894856
   0.855270951592445   0.790570807074387
   0.854329932642376   0.792863693753833
   0.853385240722568   0.795142780049153
   0.852436875889476   0.797408001988241
   0.851484838279263   0.799659297515399
   0.850529128107974   0.801896606495354
   0.849569745671700   0.804119870716833
   0.848606691346749   0.806329033895679
   0.847639965589805   0.808524041677517
   0.846669568938095   0.810704841639980
   0.845695502009545   0.812871383294461
   0.844717765502944   0.815023618087440
   0.843736360198094   0.817161499401341
   0.842751286955969   0.819284982554950
   0.841762546718867   0.821394024803377
   0.840770140510557   0.823488585337577
   0.839774069436434   0.825568625283419
   0.838774334683658   0.827634107700307
   0.837770937521306   0.829684997579365
   0.836763879300509   0.831721261841169
   0.835753161454596   0.833742869333045
   0.834738785499231   0.835749790825921
   0.833720753032548   0.837741999010750
   0.832699065735289   0.839719468494488
   0.831673725370937   0.841682175795647
   0.830644733785841   0.843630099339408
   0.829612092909349   0.845563219452317
   0.828575804753936   0.847481518356545
   0.827535871415321   0.849384980163734
   0.826492295072599   0.851273590868414
   0.825445077988353   0.853147338341013
   0.824394222508777   0.855006212320446
   0.823339731063792   0.856850204406299
   0.822281606167157   0.858679308050604
   0.821219850416584   0.860493518549213
   0.820154466493847   0.862292833032770
   0.819085457164889   0.864077250457293
   0.818012825279928   0.865846771594361
   0.816936573773565   0.867601399020917
   0.815856705664877   0.869341137108686
   0.814773224057525   0.871065992013215
   0.813686132139845   0.872775971662549
   0.812595433184948   0.874471085745519
   0.811501130550811   0.876151345699691
   0.810403227680368   0.877816764698933
   0.809301728101597   0.879467357640644
   0.808196635427613   0.881103141132627
   0.807087953356746   0.882724133479621
   0.805975685672626   0.884330354669497
   0.804859836244264   0.885921826359114
   0.803740409026132   0.887498571859860
   0.802617408058233   0.889060616122861
   0.801490837466183   0.890607985723878
   0.800360701461274   0.892140708847901
   0.799227004340553   0.893658815273428
   0.798089750486883   0.895162336356455
   0.796948944369008   0.896651305014173
   0.795804590541623   0.898125755708375
   0.794656693645426   0.899585724428596
   0.793505258407184   0.901031248674962
   0.792350289639784   0.902462367440794
   0.791191792242294   0.903879121194937
   0.790029771200009   0.905281551863843
   0.788864231584503   0.906669702813406
   0.787695178553679   0.908043618830559
   0.786522617351814   0.909403346104639
   0.785346553309599   0.910748932208520
   0.784166991844186   0.912080426079537
   0.782983938459222   0.913397878000191
   0.781797398744889   0.914701339578653
   0.780607378377938   0.915990863729063
   0.779413883121721   0.917266504651652
   0.778216918826221   0.918528317812665
   0.777016491428081   0.919776359924117
   0.775812606950629   0.921010688923379
   0.774605271503903   0.922231363952597
   0.773394491284671   0.923438445337963
   0.772180272576450   0.924631994568831
   0.770962621749524   0.925812074276700
   0.769741545260959   0.926978748214061
   0.768517049654614   0.928132081233115
   0.767289141561152   0.929272139264378
   0.766057827698048   0.930398989295173
   0.764823114869596   0.931512699348019
   0.763585009966908   0.932613338458922
   0.762343519967923   0.933700976655577
   0.761098651937400   0.934775684935492
   0.759850413026915   0.935837535244035
   0.758598810474858   0.936886600452413
   0.757343851606426   0.937922954335593
   0.756085543833609   0.938946671550171
   0.754823894655182   0.939957827612195
   0.753558911656688   0.940956498874949
   0.752290602510422   0.941942762506708
   0.751018974975414   0.942916696468470
   0.749744036897403   0.943878379491667
   0.748465796208818   0.944827891055875
   0.747184260928751   0.945765311366513
   0.745899439162929   0.946690721332552
   0.744611339103682   0.947604202544233
   0.743319969029914   0.948505837250806
   0.742025337307066   0.949395708338293
   0.740727452387077   0.950273899307283
   0.739426322808349   0.951140494250769
   0.738121957195703   0.951995577832024
   0.736814364260335   0.952839235262538
   0.735503552799772   0.953671552280007
   0.734189531697819   0.954492615126393
   0.732872309924514   0.955302510526050
   0.731551896536071   0.956101325663935
   0.730228300674828   0.956889148163896
   0.728901531569185   0.957666066067058
   0.727571598533551   0.958432167810302
   0.726238510968275   0.959187542204848
   0.724902278359586   0.959932278414944
   0.723562910279525   0.960666465936678
   0.722220416385877   0.961390194576898
   0.720874806422100   0.962103554432274
   0.719526090217250   0.962806635868474
   0.718174277685907   0.963499529499496
   0.716819378828097   0.964182326167128
   0.715461403729211   0.964855116920564
   0.714100362559924   0.965517992996172
   0.712736265576109   0.966171045797419
   0.711369123118749   0.966814366874964
   0.709998945613852   0.967448047906911
   0.708625743572356   0.968072180679247
   0.707249527590033   0.968686857066447
   0.705870308347401   0.969292169012270
   0.704488096609617   0.969888208510739
   0.703102903226381   0.970475067587308
   0.701714739131833   0.971052838280236
   0.700323615344447   0.971621612622149
   0.698929542966924   0.972181482621816
   0.697532533186083   0.972732540246123
   0.696132597272747   0.973274877402272
   0.694729746581631   0.973808585920181
   0.693323992551226   0.974333757535113
   0.691915346703678   0.974850483870527
   0.690503820644669   0.975358856421149
   0.689089426063294   0.975858966536277
   0.687672174731935   0.976350905403318
   0.686252078506133   0.976834764031559
   0.684829149324458   0.977310633236178
   0.683403399208378   0.977778603622491
   0.681974840262123   0.978238765570450
   0.680543484672552   0.978691209219380
   0.679109344709008   0.979136024452971
   0.677672432723183   0.979573300884514
   0.676232761148972   0.980003127842393
   0.674790342502326   0.980425594355835
   0.673345189381108   0.980840789140910
   0.671897314464938   0.981248800586796
   0.670446730515045   0.981649716742299
   0.668993450374112   0.982043625302639
   0.667537486966117   0.982430613596495
   0.666078853296175   0.982810768573320
   0.664617562450379   0.983184176790913
   0.663153627595632   0.983550924403268
   0.661687061979487   0.983911097148681
   0.660217878929976   0.984264780338134
   0.658746091855438   0.984612058843941
   0.657271714244353   0.984953017088667
   0.655794759665162   0.985287739034318
   0.654315241766093   0.985616308171800
   0.652833174274979   0.985938807510647
   0.651348570999083   0.986255319569027
   0.649861445824910   0.986565926364008
   0.648371812718022   0.986870709402107
   0.646879685722851   0.987169749670100
   0.645385078962513   0.987463127626105
   0.643888006638609   0.987750923190939
   0.642388483031037   0.988033215739741
   0.640886522497792   0.988310084093862
   0.639382139474768   0.988581606513027
   0.637875348475562   0.988847860687764
   0.636366164091263   0.989108923732094
   0.634854600990255   0.989364872176495
   0.633340673918006   0.989615781961124
   0.631824397696857   0.989861728429301
   0.630305787225817   0.990102786321263
   0.628784857480341   0.990339029768168
   0.627261623512123   0.990570532286363
   0.625736100448872   0.990797366771913
   0.624208303494093   0.991019605495376
   0.622678247926869   0.991237320096843
   0.621145949101631   0.991450581581219
   0.619611422447937   0.991659460313766
   0.618074683470241   0.991864026015880
   0.616535747747661   0.992064347761129
   0.614994630933750   0.992260493971524
   0.613451348756259   0.992452532414038
   0.611905917016900   0.992640530197359
   0.610358351591109   0.992824553768885
   0.608808668427803   0.993004668911954
   0.607256883549139   0.993180940743301
   0.605703013050266   0.993353433710747
   0.604147073099079   0.993522211591122
   0.602589079935974   0.993687337488399
   0.601029049873588   0.993848873832059
   0.599466999296554   0.994006882375676
   0.597902944661240   0.994161424195711
   0.596336902495495   0.994312559690524
   0.594768889398387   0.994460348579597
   0.593198922039942   0.994604849902958
   0.591627017160883   0.994746122020818
   0.590053191572359   0.994884222613403
   0.588477462155684   0.995019208680984
   0.586899845862062   0.995151136544107
   0.585320359712317   0.995280061844006
   0.583739020796619   0.995406039543216
   0.582155846274212   0.995529123926359
   0.580570853373131   0.995649368601122
   0.578984059389924   0.995766826499405
   0.577395481689371   0.995881549878652
   0.575805137704203   0.995993590323350
   0.574213044934811   0.996102998746695
   0.572619220948962   0.996209825392426
   0.571023683381509   0.996314119836820
   0.569426449934099   0.996415930990843
   0.567827538374880   0.996515307102460
   0.566226966538205   0.996612295759091
   0.564624752324336   0.996706943890221
   0.563020913699144   0.996799297770147
   0.561415468693808   0.996889403020874
   0.559808435404512   0.996977304615138
   0.558199831992138   0.997063046879576
   0.556589676681965   0.997146673498012
   0.554977987763353   0.997228227514883
   0.553364783589437   0.997307751338778
   0.551750082576813   0.997385286746101
   0.550133903205226   0.997460874884854
   0.548516264017248   0.997534556278523
   0.546897183617966   0.997606370830086
   0.545276680674659   0.997676357826113
   0.543654773916478   0.997744555940982
   0.542031482134117   0.997811003241183
   0.540406824179498   0.997875737189723
   0.538780818965431   0.997938794650624
   0.537153485465295   0.998000211893506
   0.535524842712703   0.998060024598255
   0.533894909801168   0.998118267859782
   0.532263705883770   0.998174976192845
   0.530631250172823   0.998230183536962
   0.528997561939528   0.998283923261386
   0.527362660513643   0.998336228170153
   0.525726565283135   0.998387130507193
   0.524089295693839   0.998436661961508
   0.522450871249113   0.998484853672406
   0.520811311509489   0.998531736234787
   0.519170636092325   0.998577339704491
   0.517528864671460   0.998621693603692
   0.515886016976851   0.998664826926333
   0.514242112794230   0.998706768143616
   0.512597171964743   0.998747545209523
   0.510951214384591   0.998787185566382
   0.509304260004678   0.998825716150463
   0.507656328830243   0.998863163397609
   0.506007440920502   0.998899553248897
   0.504357616388282   0.998934911156325
   0.502706875399658   0.998969262088520
   0.501055238173582   0.999002630536472
   0.499402724981518   0.999035040519287
   0.497749356147069   0.999066515589947
   0.496095152045604   0.999097078841096
   0.494440133103889   0.999126752910830
   0.492784319799704   0.999155559988495
   0.491127732661474   0.999183521820493
   0.489470392267885   0.999210659716092
   0.487812319247506   0.999236994553239
   0.486153534278407   0.999262546784365
   0.484494058087775   0.999287336442196
   0.482833911451531   0.999311383145554
   0.481173115193939   0.999334706105148
   0.479511690187227   0.999357324129363
   0.477849657351187   0.999379255630029
   0.476187037652790   0.999400518628183
   0.474523852105794   0.999421130759813
   0.472860121770347   0.999441109281580
   0.471195867752593   0.999460471076532
   0.469531111204276   0.999479232659783
   0.467865873322339   0.999497410184183
   0.466200175348527   0.999515019445951
   0.464534038568983   0.999532075890291
   0.462867484313846   0.999548594616974
   0.461200533956847   0.999564590385896
   0.459533208914906   0.999580077622600
   0.457865530647718   0.999595070423770
   0.456197520657351   0.999609582562689
   0.454529200487835   0.999623627494659
   0.452860591724745   0.999637218362392
   0.451191715994798   0.999650368001358
   0.449522594965429   0.999663088945093
   0.447853250344383   0.999675393430471
   0.446183703879294   0.999687293402931
   0.444513977357268   0.999698800521664
   0.442844092604465   0.999709926164759
   0.441174071485674   0.999720681434293
   0.439503935903896   0.999731077161394
   0.437833707799919   0.999741123911242
   0.436163409151890   0.999750831988030
   0.434493061974893   0.999760211439875
   0.432822688320521   0.999769272063683
   0.431152310276445   0.999778023409961
   0.429481949965986   0.999786474787581
   0.427811629547685   0.999794635268492
   0.426141371214869   0.999802513692380
   0.424471197195218   0.999810118671281
   0.422801129750329   0.999817458594134
   0.421131191175284   0.999824541631284
   0.419461403798208   0.999831375738934
   0.417791789979834   0.999837968663542
   0.416122372113061   0.999844327946160
   0.414453172622518   0.999850460926720
   0.412784213964114   0.999856374748272
   0.411115518624605   0.999862076361153
   0.409447109121141   0.999867572527116
   0.407779008000828   0.999872869823389
   0.406111237840276   0.999877974646688
   0.404443821245156   0.999882893217173
   0.402776780849747   0.999887631582338
   0.401110139316491   0.999892195620862
   0.399443919335541   0.999896591046385
   0.397778143624306   0.999900823411245
   0.396112834927002   0.999904898110143
   0.394448016014199   0.999908820383765
   0.392783709682361   0.999912595322338
   0.391119938753396   0.999916227869136
   0.389456726074195   0.999919722823929
   0.387794094516177   0.999923084846372
   0.386132066974828   0.999926318459343
   0.384470666369243   0.999929428052226
   0.382809915641664   0.999932417884132
   0.381149837757020   0.999935292087074
   0.379490455702461   0.999938054669081
   0.377831792486898   0.999940709517258
   0.376173871140538   0.999943260400794
   0.374516714714416   0.999945710973918
   0.372860346279932   0.999948064778795
   0.371204788928382   0.999950325248371
   0.369550065770490   0.999952495709171
   0.367896199935940   0.999954579384039
   0.366243214572907   0.999956579394823
   0.364591132847582   0.999958498765017
   0.362939977943708   0.999960340422345
   0.361289773062101   0.999962107201296
   0.359640541420181   0.999963801845611
   0.357992306251496   0.999965427010716
   0.356345090805249   0.999966985266109
   0.354698918345823   0.999968479097696
   0.353053812152302   0.999969910910081
   0.351409795517997   0.999971283028809
   0.349766891749969   0.999972597702552
   0.348125124168548   0.999973857105265
   0.346484516106855   0.999975063338280
   0.344845090910322   0.999976218432364
   0.343206871936216   0.999977324349728
   0.341569882553149   0.999978382985993
   0.339934146140605   0.999979396172110
   0.338299686088454   0.999980365676240
   0.336666525796466   0.999981293205585
   0.335034688673835   0.999982180408188
   0.333404198138687   0.999983028874678
   0.331775077617598   0.999983840139981
   0.330147350545111   0.999984615684995
   0.328521040363247   0.999985356938215
   0.326896170521019   0.999986065277324
   0.325272764473945   0.999986742030749
   0.323650845683561   0.999987388479172
   0.322030437616932   0.999988005857009
   0.320411563746161   0.999988595353849
   0.318794247547906   0.999989158115856
   0.317178512502885   0.999989695247144
   0.315564382095385   0.999990207811101
   0.313951879812776   0.999990696831698
   0.312341029145016   0.999991163294747
   0.310731853584160   0.999991608149138
   0.309124376623870   0.999992032308033
   0.307518621758921   0.999992436650044
   0.305914612484705   0.999992822020358
   0.304312372296743   0.999993189231850
   0.302711924690191   0.999993539066159
   0.301113293159341   0.999993872274728
   0.299516501197129   0.999994189579830
   0.297921572294645   0.999994491675549
   0.296328529940628   0.999994779228745
   0.294737397620982   0.999995052879988
   0.293148198818268   0.999995313244464
   0.291560957011219   0.999995560912856
   0.289975695674238   0.999995796452202
   0.288392438276902   0.999996020406720
   0.286811208283464   0.999996233298621
   0.285232029152360   0.999996435628887
   0.283654924335705   0.999996627878032
   0.282079917278802   0.999996810506834
   0.280507031419642   0.999996983957055
   0.278936290188402   0.999997148652129
   0.277367717006952   0.999997304997832
   0.275801335288355   0.999997453382936
   0.274237168436367   0.999997594179835
   0.272675239844940   0.999997727745155
   0.271115572897720   0.999997854420347
   0.269558190967552   0.999997974532257
   0.268003117415981   0.999998088393680
   0.266450375592748   0.999998196303894
   0.264899988835293   0.999998298549182
   0.263351980468259   0.999998395403328
   0.261806373802988   0.999998487128106
   0.260263192137022   0.999998573973746
   0.258722458753607   0.999998656179386
   0.257184196921189   0.999998733973513
   0.255648429892915   0.999998807574382
   0.254115180906138   0.999998877190427
   0.252584473181911   0.999998943020652
   0.251056329924492   0.999999005255016
   0.249530774320841   0.999999064074796
   0.248007829540124   0.999999119652944
   0.246487518733210   0.999999172154428
   0.244969865032175   0.999999221736560
   0.243454891549799   0.999999268549318
   0.241942621379069   0.999999312735648
   0.240433077592681   0.999999354431761
   0.238926283242538   0.999999393767420
   0.237422261359254   0.999999430866209
   0.235921034951652   0.999999465845800
   0.234422627006269   0.999999498818208
   0.232927060486854   0.999999529890032
   0.231434358333874   0.999999559162694
   0.229944543464012   0.999999586732662
   0.228457638769671   0.999999612691669
   0.226973667118477   0.999999637126926
   0.225492651352780   0.999999660121314
   0.224014614289157   0.999999681753586
   0.222539578717917   0.999999702098551
   0.221067567402603   0.999999721227247
   0.219598603079496   0.999999739207119
   0.218132708457117   0.999999756102180
   0.216669906215735   0.999999771973168
   0.215210219006870   0.999999786877700
   0.213753669452796   0.999999800870415
   0.212300280146049   0.999999814003114
   0.210850073648931   0.999999826324895
   0.209403072493017   0.999999837882277
   0.207959299178660   0.999999848719326
   0.206518776174501   0.999999858877771
   0.205081525916970   0.999999868397118
   0.203647570809801   0.999999877314753
   0.202216933223536   0.999999885666053
   0.200789635495031   0.999999893484475
   0.199365699926973   0.999999900801657
   0.197945148787380   0.999999907647506
   0.196528004309116   0.999999914050285
   0.195114288689404   0.999999920036692
   0.193704024089329   0.999999925631944
   0.192297232633357   0.999999930859846
   0.190893936408844   0.999999935742868
   0.189494157465545   0.999999940302212
   0.188097917815135   0.999999944557873
   0.186705239430715   0.999999948528710
   0.185316144246331   0.999999952232495
   0.183930654156485   0.999999955685980
   0.182548791015655   0.999999958904941
   0.181170576637807   0.999999961904238
   0.179796032795914   0.999999964697859
   0.178425181221471   0.999999967298967
   0.177058043604015   0.999999969719948
   0.175694641590646   0.999999971972448
   0.174334996785538   0.999999974067417
   0.172979130749468   0.999999976015145
   0.171627064999333   0.999999977825300
   0.170278821007669   0.999999979506962