1.0000   24.9777
    1.0001   24.9338
    1.0002   24.9178
    1.0002   24.9119
    1.0006   24.8582
    1.0007   24.8580
    1.0011   24.8106
    1.0012   24.8070
    1.0012   24.7987
    1.0015   24.7750
    1.0020   24.7478
    1.0021   24.7394
    1.0022   24.7332
    1.0023   24.7311
    1.0026   24.7082
    1.0031   24.7016
    1.0031   24.6804
    1.0036   24.6678
    1.0040   24.6482
    1.0040   24.6391
    1.0044   24.6215
    1.0048   24.6093
    1.0050   24.6013
    1.0050   24.5980
    1.0053   24.5890
    1.0055   24.5831
    1.0060   24.5628
    1.0070   24.5416
    1.0074   24.5261
    1.0076   24.5149
    1.0078   24.5044
    1.0084   24.4862
    1.0084   24.4854
    1.0088   24.4789
    1.0089   24.4724
    1.0094   24.4681
    1.0098   24.4461
    1.0109   24.4200
    1.0116   24.4102
    1.0116   24.4058
    1.0121   24.3880
    1.0121   24.3880
    1.0128   24.3737
    1.0129   24.3706
    1.0132   24.3640
    1.0133   24.3633
    1.0141   24.3526
    1.0141   24.3445
    1.0147   24.3302
    1.0157   24.3264
    1.0158   24.3113
    1.0161   24.3082
    1.0168   24.2951
    1.0171   24.2922
    1.0175   24.2725
    1.0179   24.2655
    1.0183   24.2585
    1.0191   24.2503
    1.0191   24.2428
    1.0194   24.2380
    1.0198   24.2378
    1.0198   24.2378
    1.0206   24.2175
    1.0207   24.2150
    1.0209   24.2130
    1.0211   24.2121
    1.0212   24.2104
    1.0216   24.2082
    1.0220   24.1997
    1.0223   24.1926
    1.0227   24.1806
    1.0240   24.1612
    1.0241   24.1578
    1.0248   24.1537
    1.0251   24.1453
    1.0258   24.1352
    1.0264   24.1223
    1.0274   24.1064
    1.0278   24.1007
    1.0280   24.0985
    1.0285   24.0915
    1.0297   24.0779
    1.0304   24.0719
    1.0304   24.0641
    1.0311   24.0573
    1.0315   24.0485
    1.0318   24.0438
    1.0327   24.0428
    1.0329   24.0380
    1.0338   24.0208
    1.0341   24.0173
    1.0343   24.0163
    1.0343   24.0163
    1.0348   24.0107
    1.0349   24.0028
    1.0362   23.9871
    1.0369   23.9811
    1.0371   23.9758
    1.0371   23.9758
    1.0378   23.9665
    1.0383   23.9639
    1.0392   23.9514
    1.0401   23.9402
    1.0408   23.9307
    1.0421   23.9166
    1.0431   23.9073
    1.0431   23.9073
    1.0433   23.9039
    1.0441   23.8984
    1.0444   23.8957
    1.0449   23.8842
    1.0456   23.8800
    1.0458   23.8744
    1.0472   23.8691
    1.0481   23.8671
    1.0482   23.8508
    1.0485   23.8464
    1.0488   23.8424
    1.0497   23.8343
    1.0507   23.8265
    1.0512   23.8183
    1.0520   23.8147
    1.0534   23.8029
    1.0537   23.7945
    1.0548   23.7833
    1.0557   23.7736
    1.0560   23.7704
    1.0564   23.7664
    1.0569   23.7625
    1.0580   23.7521
    1.0589   23.7449
    1.0589   23.7444
    1.0595   23.7385
    1.0607   23.7314
    1.0615   23.7194
    1.0617   23.7179
    1.0625   23.7105
    1.0629   23.7068
    1.0649   23.7018
    1.0650   23.6972
    1.0657   23.6826
    1.0670   23.6761
    1.0679   23.6701
    1.0688   23.6688
    1.0689   23.6672
    1.0689   23.6555
    1.0693   23.6513
    1.0695   23.6495
    1.0714   23.6381
    1.0722   23.6269
    1.0724   23.6256
    1.0728   23.6231
    1.0733   23.6212
    1.0737   23.6211
    1.0739   23.6149
    1.0743   23.6110
    1.0753   23.6016
    1.0759   23.5972
    1.0761   23.5961
    1.0768   23.5906
    1.0779   23.5870
    1.0790   23.5740
    1.0792   23.5715
    1.0795   23.5704
    1.0807   23.5662
    1.0816   23.5600
    1.0824   23.5552
    1.0828   23.5473
    1.0833   23.5410
    1.0837   23.5401
    1.0842   23.5335
    1.0863   23.5321
    1.0864   23.5273
    1.0865   23.5162
    1.0881   23.5115
    1.0897   23.4984
    1.0903   23.4918
    1.0909   23.4861
    1.0913   23.4821
    1.0918   23.4782
    1.0918   23.4782
    1.0922   23.4761
    1.0929   23.4744
    1.0941   23.4642
    1.0943   23.4611
    1.0955   23.4526
    1.0961   23.4494
    1.0982   23.4365
    1.0989   23.4315
    1.0999   23.4261
    1.1007   23.4184
    1.1016   23.4148
    1.1024   23.4063
    1.1032   23.4047
    1.1042   23.4028
    1.1042   23.4028
    1.1052   23.3883
    1.1065   23.3815
    1.1074   23.3770
    1.1074   23.3770
    1.1091   23.3662
    1.1105   23.3559
    1.1110   23.3516
    1.1118   23.3466
    1.1130   23.3399
    1.1130   23.3390
    1.1135   23.3390
    1.1140   23.3385
    1.1152   23.3266
    1.1154   23.3243
    1.1162   23.3227
    1.1167   23.3223
    1.1177   23.3205
    1.1187   23.3051
    1.1190   23.3029
    1.1198   23.3008
    1.1200   23.2971
    1.1221   23.2949
    1.1229   23.2808
    1.1230   23.2794
    1.1243   23.2719
    1.1253   23.2669
    1.1281   23.2510
    1.1281   23.2510
    1.1292   23.2471
    1.1295   23.2429
    1.1309   23.2367
    1.1339   23.2175
    1.1342   23.2161
    1.1353   23.2148
    1.1356   23.2084
    1.1366   23.2030
    1.1377   23.1991
    1.1389   23.1925
    1.1394   23.1888
    1.1408   23.1806
    1.1408   23.1806
    1.1440   23.1632
    1.1451   23.1590
    1.1455   23.1556
    1.1491   23.1368
    1.1498   23.1349
    1.1498   23.1349
    1.1502   23.1330
    1.1507   23.1297
    1.1534   23.1265
    1.1534   23.1265
    1.1536   23.1184
    1.1541   23.1114
    1.1544   23.1094
    1.1545   23.1091
    1.1563   23.1077
    1.1565   23.0989
    1.1584   23.0985
    1.1588   23.0904
    1.1588   23.0904
    1.1594   23.0868
    1.1597   23.0837
    1.1606   23.0813
    1.1620   23.0783
    1.1630   23.0682
    1.1642   23.0614
    1.1655   23.0553
    1.1675   23.0544
    1.1680   23.0488
    1.1680   23.0437
    1.1705   23.0314
    1.1709   23.0297
    1.1720   23.0278
    1.1720   23.0253
    1.1721   23.0234
    1.1750   23.0144
    1.1767   23.0045
    1.1767   23.0045
    1.1770   23.0016
    1.1779   22.9968
    1.1789   22.9922
    1.1816   22.9907
    1.1825   22.9758
    1.1839   22.9745
    1.1840   22.9733
    1.1845   22.9703
    1.1865   22.9696
    1.1867   22.9668
    1.1873   22.9586
    1.1873   22.9586
    1.1876   22.9536
    1.1885   22.9504
    1.1887   22.9484
    1.1890   22.9481
    1.1896   22.9443
    1.1898   22.9432
    1.1925   22.9347
    1.1946   22.9221
    1.1963   22.9215
    1.1974   22.9110
    1.1981   22.9083
    1.1982   22.9067
    1.2007   22.8960
    1.2007   22.8960
    1.2015   22.8949
    1.2034   22.8871
    1.2055   22.8796
    1.2058   22.8756
    1.2070   22.8697
    1.2072   22.8687
    1.2085   22.8655
    1.2103   22.8570
    1.2103   22.8570
    1.2110   22.8528
    1.2122   22.8491
    1.2129   22.8449
    1.2134   22.8429
    1.2146   22.8418
    1.2170   22.8357
    1.2180   22.8259
    1.2202   22.8175
    1.2204   22.8154
    1.2207   22.8153
    1.2241   22.7997
    1.2249   22.7994
    1.2249   22.7994
    1.2267   22.7894
    1.2281   22.7889
    1.2285   22.7862
    1.2306   22.7812
    1.2321   22.7689
    1.2321   22.7689
    1.2323   22.7678
    1.2335   22.7638
    1.2341   22.7623
    1.2383   22.7445
    1.2405   22.7361
    1.2405   22.7361
    1.2432   22.7311
    1.2432   22.7259
    1.2439   22.7238
    1.2467   22.7147
    1.2474   22.7103
    1.2483   22.7095
    1.2489   22.7045
    1.2493   22.7041
    1.2503   22.6995
    1.2539   22.6914
    1.2548   22.6849
    1.2549   22.6831
    1.2583   22.6700
    1.2606   22.6678
    1.2618   22.6652
    1.2619   22.6571
    1.2626   22.6566
    1.2634   22.6516
    1.2649   22.6472
    1.2671   22.6408
    1.2687   22.6329
    1.2694   22.6315
    1.2698   22.6302
    1.2736   22.6236
    1.2748   22.6216
    1.2761   22.6120
    1.2769   22.6040
    1.2771   22.6038
    1.2775   22.6038
    1.2800   22.5933
    1.2823   22.5865
    1.2845   22.5782
    1.2845   22.5782
    1.2845   22.5776
    1.2853   22.5775
    1.2869   22.5696
    1.2925   22.5511
    1.2938   22.5463
    1.2948   22.5446
    1.2962   22.5388
    1.2974   22.5353
    1.2974   22.5353
    1.3001   22.5251
    1.3014   22.5250
    1.3017   22.5222
    1.3048   22.5179
    1.3050   22.5091
    1.3074   22.5064
    1.3083   22.4995
    1.3086   22.4984
    1.3106   22.4957
    1.3132   22.4855
    1.3140   22.4828
    1.3148   22.4783
    1.3164   22.4722
    1.3180   22.4673
    1.3226   22.4555
    1.3231   22.4512
    1.3246   22.4464
    1.3254   22.4460
    1.3255   22.4433
    1.3271   22.4430
    1.3297   22.4426
    1.3304   22.4302
    1.3322   22.4226
    1.3330   22.4201
    1.3332   22.4196
    1.3348   22.4172
    1.3365   22.4142
    1.3373   22.4124
    1.3373   22.4065
    1.3381   22.4044
    1.3415   22.3936
    1.3437   22.3897
    1.3491   22.3724
    1.3503   22.3680
    1.3507   22.3671
    1.3507   22.3671
    1.3520   22.3620
    1.3537   22.3567
    1.3539   22.3566
    1.3590   22.3415
    1.3591   22.3409
    1.3617   22.3337
    1.3651   22.3253
    1.3679   22.3151
    1.3688   22.3148
    1.3716   22.3049
    1.3726   22.3026
    1.3727   22.3015
    1.3760   22.2913
    1.3772   22.2884
    1.3788   22.2833
    1.3811   22.2797
    1.3822   22.2755
    1.3861   22.2624
    1.3922   22.2466
    1.3937   22.2423
    1.3955   22.2368
    1.3960   22.2362
    1.3973   22.2316
    1.3977   22.2309
    1.4048   22.2105
    1.4049   22.2100
    1.4049   22.2100
    1.4049   22.2100
    1.4072   22.2048
    1.4100   22.2024
    1.4100   22.2024
    1.4108   22.2006
    1.4115   22.1919
    1.4125   22.1896
    1.4126   22.1890
    1.4143   22.1842
    1.4154   22.1841
    1.4165   22.1816
    1.4202   22.1682
    1.4233   22.1603
    1.4243   22.1588
    1.4244   22.1577
    1.4306   22.1480
    1.4311   22.1457
    1.4321   22.1368
    1.4339   22.1317
    1.4355   22.1291
    1.4378   22.1213
    1.4408   22.1162
    1.4414   22.1151
    1.4438   22.1061
    1.4445   22.1056
    1.4458   22.1005
    1.4499   22.0899
    1.4532   22.0820
    1.4540   22.0794
    1.4540   22.0794
    1.4560   22.0742
    1.4591   22.0674
    1.4611   22.0641
    1.4617   22.0632
    1.4638   22.0627
    1.4640   22.0536
    1.4663   22.0493
    1.4708   22.0442
    1.4717   22.0382
    1.4723   22.0333
    1.4733   22.0328
    1.4744   22.0280
    1.4748   22.0274
    1.4780   22.0212
    1.4788   22.0182
    1.4799   22.0157
    1.4819   22.0121
    1.4848   22.0014
    1.4853   22.0013
    1.4890   21.9913
    1.4921   21.9891
    1.4953   21.9758
    1.4964   21.9755
    1.4978   21.9731
    1.4996   21.9653
    1.5007   21.9626
    1.5027   21.9599
    1.5060   21.9495
    1.5060   21.9495
    1.5064   21.9493
    1.5093   21.9421
    1.5115   21.9369
    1.5169   21.9235
    1.5191   21.9182
    1.5234   21.9080
    1.5256   21.9028
    1.5256   21.9028
    1.5279   21.8981
    1.5286   21.8974
    1.5324   21.8870
    1.5333   21.8846
    1.5355   21.8795
    1.5382   21.8740
    1.5391   21.8714
    1.5415   21.8662
    1.5426   21.8651
    1.5455   21.8650
    1.5477   21.8599
    1.5501   21.8458
    1.5506   21.8455
    1.5548   21.8361
    1.5574   21.8299
    1.5599   21.8248
    1.5605   21.8222
    1.5616   21.8206
    1.5620   21.8196
    1.5656   21.8118
    1.5669   21.8093
    1.5681   21.8092
    1.5730   21.7938
    1.5757   21.7885
    1.5781   21.7853
    1.5808   21.7808
    1.5824   21.7742
    1.5845   21.7684
    1.5857   21.7679
    1.5869   21.7633
    1.5883   21.7628
    1.5903   21.7553
    1.5911   21.7548
    1.5965   21.7434
    1.5967   21.7419
    1.5981   21.7393
    1.5987   21.7379
    1.6010   21.7324
    1.6021   21.7316
    1.6051   21.7267
    1.6081   21.7163
    1.6122   21.7112
    1.6155   21.7033
    1.6160   21.7030
    1.6179   21.7012
    1.6179   21.7012
    1.6179   21.7012
    1.6179   21.7012
    1.6200   21.6959
    1.6201   21.6911
    1.6210   21.6902
    1.6269   21.6834
    1.6287   21.6783
    1.6293   21.6751
    1.6298   21.6707
    1.6298   21.6707
    1.6325   21.6644
    1.6351   21.6592
    1.6407   21.6469
    1.6412   21.6463
    1.6420   21.6441
    1.6444   21.6390
    1.6447   21.6386
    1.6495   21.6284
    1.6534   21.6263
    1.6543   21.6183
    1.6545   21.6180
    1.6568   21.6140
    1.6568   21.6140
    1.6575   21.6128
    1.6653   21.6050
    1.6660   21.6005
    1.6667   21.5932
    1.6693   21.5874
    1.6694   21.5872
    1.6696   21.5871
    1.6711   21.5870
    1.6743   21.5854
    1.6744   21.5783
    1.6774   21.5741
    1.6812   21.5710
    1.6818   21.5620
    1.6822   21.5613
    1.6834   21.5613
    1.6850   21.5587
    1.6909   21.5585
    1.6945   21.5418
    1.6947   21.5372
    1.6952   21.5355
    1.6975   21.5304
    1.7007   21.5252
    1.7066   21.5148
    1.7076   21.5101
    1.7099   21.5100
    1.7116   21.5046
    1.7141   21.4988
    1.7170   21.4944
    1.7203   21.4866
    1.7204   21.4851
    1.7207   21.4842
    1.7207   21.4842
    1.7213   21.4840
    1.7218   21.4840
    1.7250   21.4764
    1.7296   21.4670
    1.7325   21.4633
    1.7338   21.4605
    1.7341   21.4584
    1.7363   21.4536
    1.7381   21.4532
    1.7389   21.4486
    1.7467   21.4380
    1.7469   21.4332
    1.7482   21.4320
    1.7495   21.4282
    1.7558   21.4172
    1.7575   21.4129
    1.7601   21.4084
    1.7613   21.4070
    1.7657   21.3972
    1.7679   21.3968
    1.7686   21.3945
    1.7686   21.3945
    1.7686   21.3945
    1.7686   21.3945
    1.7707   21.3917
    1.7740   21.3840
    1.7741   21.3816
    1.7781   21.3762
    1.7791   21.3723
    1.7806   21.3690
    1.7833   21.3640
    1.7873   21.3566
    1.7894   21.3557
    1.7921   21.3481
    1.7966   21.3448
    1.7995   21.3352
    1.8010   21.3320
    1.8021   21.3301
    1.8026   21.3300
    1.8053   21.3230
    1.8069   21.3230
    1.8132   21.3144
    1.8152   21.3049
    1.8162   21.3035
    1.8218   21.2942
    1.8232   21.2910
    1.8288   21.2801
    1.8288   21.2801
    1.8308   21.2788
    1.8345   21.2697
    1.8360   21.2686
    1.8430   21.2557
    1.8439   21.2534
    1.8466   21.2484
    1.8520   21.2405
    1.8572   21.2294
    1.8575   21.2284
    1.8604   21.2233
    1.8630   21.2226
    1.8644   21.2161
    1.8658   21.2150
    1.8665   21.2149
    1.8691   21.2078
    1.8701   21.2073
    1.8715   21.2038
    1.8734   21.2022
    1.8744   21.1989
    1.8837   21.1843
    1.8861   21.1780
    1.8869   21.1770
    1.8894   21.1721
    1.8929   21.1667
    1.8948   21.1627
    1.8995   21.1615
    1.9009   21.1522
    1.9037   21.1511
    1.9049   21.1462
    1.9065   21.1426
    1.9095   21.1375
    1.9153   21.1278
    1.9160   21.1262
    1.9171   21.1257
    1.9213   21.1171
    1.9228   21.1161
    1.9242   21.1126
    1.9261   21.1122
    1.9299   21.1078
    1.9303   21.1038
    1.9310   21.1007
    1.9343   21.0954
    1.9392   21.0870
    1.9454   21.0761
    1.9482   21.0746
    1.9509   21.0737
    1.9565   21.0675
    1.9581   21.0604
    1.9585   21.0547
    1.9585   21.0547
    1.9599   21.0543
    1.9602   21.0519
    1.9619   21.0494
    1.9619   21.0494
    1.9682   21.0469
    1.9695   21.0444
    1.9708   21.0365
    1.9724   21.0319
    1.9756   21.0281
    1.9762   21.0246
    1.9786   21.0224
    1.9837   21.0121
    1.9893   21.0033
    1.9909   21.0002
    1.9917   20.9992
    1.9927   20.9972
    1.9957   20.9935
    1.9985   20.9882
    2.0000   20.9866
    2.0050   20.9783
    2.0062   20.9762
    2.0079   20.9733
    2.0080   20.9723
    2.0137   20.9635
    2.0137   20.9635
    2.0151   20.9629
    2.0170   20.9627
    2.0218   20.9504
    2.0225   20.9487
    2.0249   20.9460
    2.0282   20.9422
    2.0315   20.9342
    2.0369   20.9323
    2.0376   20.9245
    2.0390   20.9229
    2.0404   20.9223
    2.0430   20.9221
    2.0454   20.9126
    2.0491   20.9120
    2.0501   20.9055
    2.0533   20.9007
    2.0543   20.8979
    2.0549   20.8975
    2.0561   20.8952
    2.0608   20.8948
    2.0608   20.8948
    2.0629   20.8867
    2.0660   20.8801
    2.0670   20.8793
    2.0673    3.1332
    2.0673    3.1332
    2.0674    3.1261
    2.0676    3.1120
    2.0685    3.0910
    2.0685    3.0910
    2.0689    3.0840
    2.0693    3.0770
    2.0698    3.0700
    2.0698    3.0700
    2.0698    3.0700
    2.0701    3.0665
    2.0704    3.0630
    2.0707    3.0595
    2.0707    3.0595
    2.0725    3.0421
    2.0742    3.0282
    2.0742    3.0282
    2.0746    3.0247
    2.0746    3.0247
    2.0751    3.0213
    2.0761    3.0144
    2.0771    3.0074
    2.0806    2.9867
    2.0806    2.9867
    2.0826    2.9764
    2.0826    2.9764
    2.0832    2.9730
    2.0854    2.9627
    2.0892    2.9455
    2.0909    2.9387
    2.0926    2.9319
    2.0926    2.9319
    2.0961    2.9182
    2.0971    2.9148
    2.0980    2.9114
    2.0990    2.9080
    2.1000    2.9046
    2.1000    2.9046
    2.1000    2.9046
    2.1020    2.8978
    2.1040    2.8911
    2.1062    2.8843
    2.1106    2.8708
    2.1129    2.8640
    2.1165    2.8539
    2.1202    2.8438
    2.1227    2.8371
    2.1253    2.8304
    2.1280    2.8237
    2.1280    2.8237
    2.1293    2.8203
    2.1321    2.8137
    2.1349    2.8070
    2.1363    2.8036
    2.1392    2.7970
    2.1407    2.7936
    2.1422    2.7903
    2.1499    2.7737
    2.1515    2.7704
    2.1515    2.7704
    2.1515    2.7704
    2.1531    2.7670
    2.1579    2.7571
    2.1596    2.7538
    2.1647    2.7439
    2.1681    2.7373
    2.1788    2.7176
    2.1825    2.7110
    2.1863    2.7044
    2.1863    2.7044
    2.1863    2.7044
    2.1863    2.7044
    2.1863    2.7044
    2.1863    2.7044
    2.1940    2.6913
    2.1959    2.6881
    2.1979    2.6848
    2.1979    2.6848
    2.2019    2.6783
    2.2060    2.6718
    2.2060    2.6718
    2.2060    2.6718
    2.2101    2.6652
    2.2228    2.6458
    2.2228    2.6458
    2.2228    2.6458
    2.2272    2.6393
    2.2294    2.6361
    2.2429    2.6167
    2.2452    2.6135
    2.2475    2.6102
    2.2499    2.6070
    2.2499    2.6070
    2.2522    2.6038
    2.2618    2.5910
    2.2642    2.5878
    2.2642    2.5878
    2.2642    2.5878
    2.2642    2.5878
    2.2716    2.5782
    2.2741    2.5750
    2.2741    2.5750
    2.2741    2.5750
    2.2791    2.5686
    2.2817    2.5654
    2.2998    2.5431
    2.3025    2.5399
    2.3106    2.5304
    2.3106    2.5304
    2.3133    2.5272
    2.3160    2.5241
    2.3160    2.5241
    2.3271    2.5114
    2.3271    2.5114
    2.3271    2.5114
    2.3327    2.5051
    2.3327    2.5051
    2.3356    2.5020
    2.3500    2.4862
    2.3500    2.4862
    2.3559    2.4800
    2.3559    2.4800
    2.3618    2.4737
    2.3678    2.4674
    2.3769    2.4580
    2.3861    2.4487
    2.3861    2.4487
    2.3861    2.4487
    2.3893    2.4456
    2.3987    2.4362
    2.3987    2.4362
    2.3987    2.4362
    2.3987    2.4362
    2.3987    2.4362
    2.4115    2.4238
    2.4179    2.4176
    2.4212    2.4145
    2.4311    2.4052
    2.4411    2.3960
    2.4512    2.3867
    2.4512    2.3867
    2.4512    2.3867
    2.4684    2.3714
    2.4684    2.3714
    2.4684    2.3714
    2.4719    2.3683
    2.4789    2.3622
    2.4789    2.3622
    2.4789    2.3622
    2.4789    2.3622
    2.4860    2.3561
    2.4932    2.3500
    2.5004    2.3439
    2.5113    2.3347
    2.5113    2.3347
    2.5223    2.3256
    2.5297    2.3195
    2.5335    2.3165
    2.5448    2.3074
    2.5448    2.3074
    2.5524    2.3014
    2.5601    2.2953
    2.5601    2.2953
    2.5678    2.2893
    2.5678    2.2893
    2.5678    2.2893
    2.5795    2.2803
    2.5994    2.2653
    2.5994    2.2653
    2.5994    2.2653
    2.5994    2.2653
    2.6074    2.2593
    2.6155    2.2533
    2.6236    2.2473
    2.6277    2.2443
    2.6401    2.2354
    2.6401    2.2354
    2.6401    2.2354
    2.6526    2.2265
    2.6568    2.2235
    2.6610    2.2205
    2.6610    2.2205
    2.6653    2.2176
    2.6823    2.2057
    2.6909    2.1998
    2.6996    2.1939
    2.7084    2.1880
    2.7172    2.1821
    2.7172    2.1821
    2.7216    2.1792
    2.7260    2.1763
    2.7260    2.1763
    2.7349    2.1704
    2.7484    2.1616
    2.7529    2.1587
    2.7712    2.1470
    2.7712    2.1470
    2.7712    2.1470
    2.7712    2.1470
    2.7850    2.1383
    2.7896    2.1353
    2.7896    2.1353
    2.8130    2.1208
    2.8130    2.1208
    2.8178    2.1179
    2.8225    2.1150
    2.8273    2.1121
    2.8273    2.1121
    2.8368    2.1064
    2.8464    2.1006
    2.8464    2.1006
    2.8658    2.0891
    2.8855    2.0776
    2.8904    2.0747
    2.9053    2.0661
    2.9153    2.0604
    2.9153    2.0604
    2.9153    2.0604
    2.9153    2.0604
    2.9304    2.0518
    2.9406    2.0461
    2.9406    2.0461
    2.9457    2.0433
    2.9457    2.0433
    2.9457    2.0433
    2.9457    2.0433
    2.9559    2.0376
    2.9662    2.0319
    2.9870    2.0206
    3.0080    2.0093
    3.0080    2.0093
    3.0080    2.0093
    3.0186    2.0037
    3.0186    2.0037
    3.0239    2.0008
    3.0615    1.9812
    3.0615    1.9812
    3.0723    1.9756
    3.0832    1.9700
    3.0887    1.9672
    3.0942    1.9644
    3.0942    1.9644
    3.0997    1.9616
    3.1052    1.9588
    3.1052    1.9588
    3.1219    1.9505
    3.1275    1.9477
    3.1387    1.9422
    3.1387    1.9422
    3.1387    1.9422
    3.1387    1.9422
    3.1556    1.9339
    3.1840    1.9201
    3.1840    1.9201
    3.1840    1.9201
    3.1897    1.9173
    3.2128    1.9063
    3.2419    1.8926
    3.2419    1.8926
    3.2419    1.8926
    3.2478    1.8899
    3.2595    1.8844
    3.2773    1.8762
    3.2833    1.8735
    3.2892    1.8708
    3.3012    1.8653
    3.3012    1.8653
    3.3012    1.8653
    3.3012    1.8653
    3.3132    1.8599
    3.3132    1.8599
    3.3253    1.8545
    3.3253    1.8545
    3.3496    1.8436
    3.3618    1.8383
    3.3741    1.8329
    3.3864    1.8275
    3.3988    1.8221
    3.4051    1.8194
    3.4238    1.8114
    3.4238    1.8114
    3.4238    1.8114
    3.4363    1.8060
    3.4489    1.8007
    3.4553    1.7980
    3.4679    1.7927
    3.4743    1.7900
    3.4743    1.7900
    3.4871    1.7847
    3.4999    1.7794
    3.5192    1.7715
    3.5192    1.7715
    3.5192    1.7715
    3.5517    1.7582
    3.5648    1.7530
    3.5648    1.7530
    3.5779    1.7477
    3.5779    1.7477
    3.5779    1.7477
    3.5779    1.7477
    3.5911    1.7425
    3.6109    1.7346
    3.6176    1.7320
    3.6176    1.7320
    3.6176    1.7320
    3.6578    1.7163
    3.6578    1.7163
    3.6780    1.7085
    3.6780    1.7085
    3.6848    1.7059
    3.7257    1.6904
    3.7395    1.6852
    3.7395    1.6852
    3.7395    1.6852
    3.7395    1.6852
    3.7533    1.6800
    3.7533    1.6800
    3.7602    1.6775
    3.7740    1.6723
    3.7880    1.6672
    3.7949    1.6646
    3.8019    1.6621
    3.8089    1.6595
    3.8230    1.6544
    3.8230    1.6544
    3.8230    1.6544
    3.8512    1.6442
    3.8939    1.6289
    3.8939    1.6289
    3.8939    1.6289
    3.9083    1.6238
    3.9227    1.6188
    3.9371    1.6137
    3.9371    1.6137
    3.9516    1.6087
    3.9516    1.6087
    3.9661    1.6036
    3.9661    1.6036
    3.9661    1.6036
    3.9734    1.6011
    4.0027    1.5911
    4.0174    1.5861
    4.0247    1.5836
    4.0395    1.5786
    4.0543    1.5736
    4.0543    1.5736
    4.0841    1.5636
    4.0841    1.5636
    4.0991    1.5587
    4.1066    1.5562
    4.1066    1.5562
    4.1141    1.5537
    4.1141    1.5537
    4.1216    1.5512
    4.1518    1.5413
    4.1518    1.5413
    4.1899    1.5290
    4.2128    1.5217
    4.2205    1.5192
    4.2205    1.5192
    4.2205    1.5192
    4.2359    1.5143
    4.2668    1.5046
    4.2668    1.5046
    4.2668    1.5046
    4.2668    1.5046
    4.2668    1.5046
    4.2668    1.5046
    4.2823    1.4997
    4.3135    1.4900
    4.3448    1.4803
    4.3448    1.4803
    4.3606    1.4755
    4.3606    1.4755
    4.3606    1.4755
    4.3922    1.4658
    4.3922    1.4658
    4.4240    1.4562
    4.4320    1.4538
    4.4560    1.4467
    4.4640    1.4443
    4.4640    1.4443
    4.4801    1.4395
    4.4881    1.4371
    4.4881    1.4371
    4.5043    1.4324
    4.5043    1.4324
    4.5205    1.4276
    4.5205    1.4276
    4.5448    1.4205
    4.5448    1.4205
    4.5693    1.4134
    4.5774    1.4111
    4.5856    1.4087
    4.6020    1.4040
    4.6102    1.4016
    4.6515    1.3899
    4.6515    1.3899
    4.6515    1.3899
    4.6680    1.3852
    4.7013    1.3759
    4.7013    1.3759
    4.7180    1.3712
    4.7347    1.3666
    4.7515    1.3620
    4.7515    1.3620
    4.7515    1.3620
    4.7515    1.3620
    4.7683    1.3573
    4.7767    1.3550
    4.7852    1.3527
    4.8021    1.3481
    4.8105    1.3458
    4.8360    1.3389
    4.8360    1.3389
    4.8445    1.3366
    4.8530    1.3343
    4.8701    1.3297
    4.9215    1.3160
    4.9387    1.3115
    4.9473    1.3092
    4.9559    1.3069
    4.9559    1.3069
    4.9559    1.3069
    4.9559    1.3069
    4.9646    1.3047
    5.0079    1.2934
    5.0253    1.2888
    5.0341    1.2866
    5.0341    1.2866
    5.0428    1.2843
    5.0603    1.2798
    5.0603    1.2798
    5.0603    1.2798
    5.0953    1.2709
    5.1306    1.2620
    5.1306    1.2620
    5.1394    1.2597
    5.1394    1.2597
    5.1394    1.2597
    5.1837    1.2486
    5.1837    1.2486
    5.1837    1.2486
    5.2015    1.2442
    5.2015    1.2442
    5.2461    1.2331
    5.2730    1.2265
    5.2730    1.2265
    5.2730    1.2265
    5.2730    1.2265
    5.3270    1.2134
    5.3270    1.2134
    5.3270    1.2134
    5.3451    1.2090
    5.3632    1.2047
    5.3632    1.2047
    5.3632    1.2047
    5.4086    1.1938
    5.4177    1.1917
    5.4177    1.1917
    5.4542    1.1830
    5.4542    1.1830
    5.4542    1.1830
    5.4542    1.1830
    5.4634    1.1809
    5.4634    1.1809
    5.4909    1.1744
    5.5185    1.1680
    5.5185    1.1680
    5.5277    1.1658
    5.5461    1.1615
    5.6016    1.1488
    5.6295    1.1424
    5.6388    1.1403
    5.6388    1.1403
    5.6388    1.1403
    5.6575    1.1360
    5.6668    1.1339
    5.6761    1.1318
    5.7042    1.1255
    5.7136    1.1234
    5.7136    1.1234
    5.7136    1.1234
    5.7136    1.1234
    5.7324    1.1192
    5.7324    1.1192
    5.7324    1.1192
    5.7700    1.1108
    5.7794    1.1087
    5.8077    1.1025
    5.8267    1.0983
    5.8741    1.0880
    5.8836    1.0859
    5.9027    1.0818
    5.9122    1.0797
    5.9217    1.0777
    5.9408    1.0736
    5.9408    1.0736
    5.9408    1.0736
    5.9408    1.0736
    5.9408    1.0736
    5.9791    1.0654
    5.9983    1.0613
    5.9983    1.0613
    6.0079    1.0592
    6.0175    1.0572
    6.0271    1.0552
    6.0753    1.0450
    6.1043    1.0390
    6.1140    1.0369
    6.1140    1.0369
    6.1140    1.0369
    6.1140    1.0369
    6.1528    1.0289
    6.1528    1.0289
    6.1625    1.0269
    6.1723    1.0249
    6.2112    1.0169
    6.2503    1.0089
    6.2503    1.0089
    6.2601    1.0069
    6.2894    1.0010
    6.2894    1.0010
    6.2894    1.0010
    6.2992    0.9990
    6.3091    0.9970
    6.3189    0.9950
    6.3287    0.9930
    6.3287    0.9930
    6.3582    0.9871
    6.3681    0.9852
    6.4075    0.9773
    6.4075    0.9773
    6.4075    0.9773
    6.4471    0.9695
    6.4570    0.9676
    6.5066    0.9579
    6.5265    0.9540
    6.5265    0.9540
    6.5265    0.9540
    6.5564    0.9482
    6.5564    0.9482
    6.5664    0.9463
    6.5763    0.9444
    6.5863    0.9424
    6.5863    0.9424
    6.6063    0.9386
    6.6063    0.9386
    6.6063    0.9386
    6.6463    0.9309
    6.6463    0.9309
    6.6664    0.9271
    6.6664    0.9271
    6.7065    0.9195
    6.7367    0.9138
    6.7871    0.9044
    6.8073    0.9007
    6.8073    0.9007
    6.8073    0.9007
    6.8073    0.9007
    6.8275    0.8969
    6.8275    0.8969
    6.8579    0.8913
    6.8680    0.8894
    6.8883    0.8857
    6.8883    0.8857
    6.8984    0.8838
    6.9086    0.8820
    6.9187    0.8801
    6.9187    0.8801
    6.9289    0.8783
    6.9492    0.8746
    7.0103    0.8635
    7.0103    0.8635
    7.0103    0.8635
    7.0205    0.8617
    7.0307    0.8599
    7.0921    0.8489
    7.1023    0.8471
    7.1125    0.8453
    7.1125    0.8453
    7.1330    0.8416
    7.1638    0.8362
    7.1638    0.8362
    7.1638    0.8362
    7.1946    0.8308
    7.2152    0.8272
    7.2152    0.8272
    7.2152    0.8272
    7.2357    0.8236
    7.2563    0.8200
    7.2563    0.8200
    7.2563    0.8200
    7.2769    0.8164
    7.3182    0.8093
    7.3595    0.8022
    7.3699    0.8005
    7.3802    0.7987
    7.3802    0.7987
    7.3802    0.7987
    7.3802    0.7987
    7.3802    0.7987
    7.4216    0.7916
    7.4631    0.7846
    7.4631    0.7846
    7.4838    0.7811
    7.4942    0.7794
    7.5254    0.7742
    7.5254    0.7742
    7.5462    0.7707
    7.5566    0.7690
    7.5982    0.7621
    7.5982    0.7621
    7.6086    0.7603
    7.6295    0.7569
    7.6295    0.7569
    7.6295    0.7569
    7.6608    0.7518
    7.6608    0.7518
    7.6712    0.7501
    7.7129    0.7432
    7.7129    0.7432
    7.7338    0.7398
    7.7338    0.7398
    7.7338    0.7398
    7.7548    0.7365
    7.7652    0.7348
    7.8175    0.7263
    7.8385    0.7230
    7.8804    0.7163
    7.8804    0.7163
    7.8804    0.7163
    7.8909    0.7146
    7.8909    0.7146
    7.9434    0.7063
    7.9434    0.7063
    7.9434    0.7063
    7.9434    0.7063
    7.9644    0.7030
    7.9749    0.7013
    8.0064    0.6964
    8.0064    0.6964
    8.0380    0.6915
    8.0485    0.6898
    8.0485    0.6898
    8.0695    0.6866
    8.0695    0.6866
    8.1327    0.6768
    8.1327    0.6768
    8.1538    0.6736
    8.1538    0.6736
    8.1749    0.6703
    8.2065    0.6655
    8.2170    0.6639
    8.2170    0.6639
    8.2276    0.6623
    8.2592    0.6575
    8.2592    0.6575
    8.2592    0.6575
    8.2592    0.6575
    8.2803    0.6543
    8.2909    0.6527
    8.3648    0.6416
    8.3754    0.6401
    8.3859    0.6385
    8.4071    0.6353
    8.4071    0.6353
    8.4176    0.6338
    8.4282    0.6322
    8.4388    0.6306
    8.4599    0.6275
    8.4705    0.6260
    8.4811    0.6244
    8.5128    0.6198
    8.5128    0.6198
    8.5339    0.6167
    8.5551    0.6136
    8.5551    0.6136
    8.5551    0.6136
    8.5763    0.6105
    8.6292    0.6028
    8.6397    0.6013
    8.6397    0.6013
    8.6397    0.6013
    8.6821    0.5952
    8.6821    0.5952
    8.6821    0.5952
    8.7032    0.5922
    8.7032    0.5922
    8.7879    0.5802
    8.7879    0.5802
    8.7985    0.5787
    8.8091    0.5772
    8.8302    0.5742
    8.8302    0.5742
    8.8514    0.5712
    8.8620    0.5697
    8.8726    0.5683
    8.8937    0.5653
    8.8937    0.5653
    8.8937    0.5653
    8.8937    0.5653
    8.9255    0.5609
    8.9466    0.5579
    8.9466    0.5579
    8.9890    0.5521
    8.9890    0.5521
    8.9995    0.5506
    8.9995    0.5506
    9.0841    0.5390
    9.1053    0.5362
    9.1053    0.5362
    9.1053    0.5362
    9.1476    0.5304
    9.1476    0.5304
    9.1476    0.5304
    9.1476    0.5304
    9.1898    0.5247
    9.1898    0.5247
    9.2109    0.5219
    9.2109    0.5219
    9.2109    0.5219
    9.2215    0.5205
    9.2321    0.5191
    9.2743    0.5134
    9.2954    0.5106
    9.3165    0.5078
    9.3376    0.5050
    9.3376    0.5050
    9.3692    0.5009
    9.3692    0.5009
    9.3692    0.5009
    9.3797    0.4995
    9.4008    0.4967
    9.4219    0.4940
    9.4324    0.4926
    9.4430    0.4912
    9.4745    0.4871
    9.5061    0.4830
    9.5166    0.4816
    9.5271    0.4803
    9.5692    0.4749
    9.5692    0.4749
    9.5902    0.4722
    9.6007    0.4708
    9.6112    0.4695
    9.6112    0.4695
    9.6322    0.4668
    9.6531    0.4641
    9.6531    0.4641
    9.6531    0.4641
    9.6531    0.4641
    9.6741    0.4615
    9.6846    0.4602
    9.7370    0.4535
    9.7370    0.4535
    9.7370    0.4535
    9.7370    0.4535
    9.7998    0.4457
    9.8102    0.4444
    9.8416    0.4405
    9.8416    0.4405
    9.8624    0.4379
    9.9042    0.4327
    9.9042    0.4327
    9.9042    0.4327
    9.9146    0.4315
    9.9250    0.4302
    9.9354    0.4289
    9.9458    0.4276
    9.9979    0.4213
    9.9979    0.4213
   10.0083    0.4200
   10.0291    0.4175
   10.0291    0.4175
   10.0291    0.4175
   10.0291    0.4175
   10.0291    0.4175
   10.0498    0.4149
   10.1017    0.4087
   10.1535    0.4025
   10.1535    0.4025
   10.1535    0.4025
   10.1638    0.4012
   10.1949    0.3975
   10.2052    0.3963
   10.2155    0.3951
   10.2155    0.3951
   10.2362    0.3926
   10.2465    0.3914
   10.2568    0.3902
   10.2568    0.3902
   10.2568    0.3902
   10.3186    0.3829
   10.3597    0.3781
   10.3700    0.3769
   10.3803    0.3758
   10.3905    0.3746
   10.4008    0.3734
   10.4008    0.3734
   10.4008    0.3734
   10.4623    0.3663
   10.4623    0.3663
   10.4623    0.3663
   10.4623    0.3663
   10.4827    0.3639
   10.4827    0.3639
   10.4929    0.3628
   10.5031    0.3616
   10.5134    0.3604
   10.5643    0.3546
   10.5643    0.3546
   10.5643    0.3546
   10.6050    0.3500
   10.6254    0.3477
   10.6457    0.3454
   10.6660    0.3431
   10.6761    0.3420
   10.7065    0.3386
   10.7065    0.3386
   10.7267    0.3364
   10.7570    0.3330
   10.7671    0.3319
   10.7671    0.3319
   10.7671    0.3319
   10.7671    0.3319
   10.7873    0.3296
   10.7973    0.3285
   10.7973    0.3285
   10.8175    0.3263
   10.8577    0.3219
   10.8677    0.3208
   10.8878    0.3186
   10.8878    0.3186
   10.8878    0.3186
   10.8878    0.3186
   10.9078    0.3164
   10.9279    0.3143
   10.9678    0.3099
   10.9878    0.3078
   11.0177    0.3046
   11.0376    0.3024
   11.0376    0.3024
   11.0674    0.2993
   11.0872    0.2972
   11.0872    0.2972
   11.0971    0.2961
   11.1070    0.2951
   11.1268    0.2930
   11.1268    0.2930
   11.1268    0.2930
   11.1466    0.2909
   11.1663    0.2888
   11.1663    0.2888
   11.1663    0.2888
   11.1663    0.2888
   11.2057    0.2847
   11.2450    0.2806
   11.2450    0.2806
   11.2646    0.2785
   11.2646    0.2785
   11.3038    0.2745
   11.3038    0.2745
   11.3136    0.2735
   11.3623    0.2685
   11.3623    0.2685
   11.3623    0.2685
   11.3623    0.2685
   11.3721    0.2675
   11.4109    0.2635
   11.4400    0.2605
   11.4594    0.2586
   11.4787    0.2566
   11.4884    0.2557
   11.4980    0.2547
   11.5077    0.2537
   11.5077    0.2537
   11.5077    0.2537
   11.5173    0.2528
   11.5365    0.2508
   11.5365    0.2508
   11.5557    0.2489
   11.5653    0.2480
   11.5749    0.2470
   11.5749    0.2470
   11.5941    0.2451
   11.6514    0.2395
   11.6514    0.2395
   11.6800    0.2367
   11.7084    0.2339
   11.7084    0.2339
   11.7084    0.2339
   11.7463    0.2302
   11.7463    0.2302
   11.7463    0.2302
   11.7558    0.2293
   11.7841    0.2265
   11.8217    0.2229
   11.8217    0.2229
   11.8217    0.2229
   11.8217    0.2229
   11.8405    0.2211
   11.8405    0.2211
   11.8405    0.2211
   11.8966    0.2158
   11.8966    0.2158
   11.9059    0.2149
   11.9246    0.2131
   11.9339    0.2122
   11.9710    0.2088
   11.9710    0.2088
   11.9803    0.2079
   11.9895    0.2070
   11.9895    0.2070
   11.9895    0.2070
   11.9988    0.2062
   12.0265    0.2036
   12.0449    0.2019
   12.0725    0.1993
   12.0999    0.1968
   12.1182    0.1951
   12.1182    0.1951
   12.1547    0.1918
   12.1638    0.1910
   12.1820    0.1893
   12.1820    0.1893
   12.1910    0.1885
   12.1910    0.1885
   12.2092    0.1868
   12.2092    0.1868
   12.2092    0.1868
   12.2272    0.1852
   12.2272    0.1852
   12.2453    0.1836
   12.2633    0.1820
   12.2813    0.1804
   12.2902    0.1796
   12.2902    0.1796
   12.2992    0.1788
   12.3171    0.1772
   12.3884    0.1709
   12.3884    0.1709
   12.4061    0.1694
   12.4326    0.1670
   12.4503    0.1655
   12.4591    0.1648
   12.4766    0.1632
   12.4766    0.1632
   12.4766    0.1632
   12.4766    0.1632
   12.4766    0.1632
   12.5117    0.1602
   12.5117    0.1602
   12.5553    0.1565
   12.5553    0.1565
   12.5640    0.1558
   12.5813    0.1543
   12.5813    0.1543
   12.5813    0.1543
   12.5900    0.1536
   12.6504    0.1485
   12.6504    0.1485
   12.6589    0.1478
   12.6846    0.1457
   12.6846    0.1457
   12.6846    0.1457
   12.7017    0.1442
   12.7188    0.1428
   12.7358    0.1414
   12.7697    0.1387
   12.7781    0.1380
   12.7865    0.1373
   12.7865    0.1373
   12.7865    0.1373
   12.8034    0.1359
   12.8202    0.1346
   12.8202    0.1346
   12.8286    0.1339
   12.8370    0.1332
   12.8620    0.1312
   12.8620    0.1312
   12.8870    0.1292
   12.9036    0.1279
   12.9036    0.1279
   12.9449    0.1246
   12.9532    0.1240
   12.9532    0.1240
   12.9532    0.1240
   12.9778    0.1221
   12.9860    0.1214
   13.0105    0.1195
   13.0105    0.1195
   13.0673    0.1152
   13.0673    0.1152
   13.0673    0.1152
   13.0754    0.1145
   13.0835    0.1139
   13.0835    0.1139
   13.0835    0.1139
   13.1156    0.1115
   13.1316    0.1103
   13.1316    0.1103
   13.1316    0.1103
   13.1476    0.1091
   13.1635    0.1079
   13.1794    0.1067
   13.1794    0.1067
   13.1794    0.1067
   13.2110    0.1044
   13.2110    0.1044
   13.2268    0.1032
   13.2268    0.1032
   13.2660    0.1004
   13.2738    0.0998
   13.3049    0.0976
   13.3049    0.0976
   13.3204    0.0964
   13.3204    0.0964
   13.3435    0.0948
   13.3435    0.0948
   13.3435    0.0948
   13.3512    0.0943
   13.3665    0.0932
   13.3818    0.0921
   13.3895    0.0916
   13.3971    0.0910
   13.4047    0.0905
   13.4199    0.0894
   13.4350    0.0884
   13.4577    0.0868
   13.4577    0.0868
   13.4577    0.0868
   13.4577    0.0868
   13.4727    0.0858
   13.5026    0.0838
   13.5026    0.0838
   13.5175    0.0828
   13.5175    0.0828
   13.5323    0.0818
   13.5545    0.0803
   13.6059    0.0769
   13.6059    0.0769
   13.6059    0.0769
   13.6059    0.0769
   13.6204    0.0759
   13.6349    0.0750
   13.6349    0.0750
   13.6349    0.0750
   13.6349    0.0750
   13.6349    0.0750
   13.6422    0.0745
   13.6566    0.0736
   13.6782    0.0722
   13.6853    0.0718
   13.6925    0.0713
   13.6925    0.0713
   13.7068    0.0704
   13.7493    0.0678
   13.7774    0.0660
   13.7774    0.0660
   13.7914    0.0652
   13.8053    0.0643
   13.8053    0.0643
   13.8053    0.0643
   13.8192    0.0635
   13.8192    0.0635
   13.8261    0.0631
   13.8261    0.0631
   13.8468    0.0618
   13.8468    0.0618
   13.8537    0.0614
   13.8674    0.0606
   13.8879    0.0594
   13.8879    0.0594
   13.8879    0.0594
   13.9150    0.0578
   13.9420    0.0563
   13.9487    0.0559
   13.9487    0.0559
   13.9553    0.0555
   13.9687    0.0548
   13.9886    0.0537
   13.9886    0.0537
   13.9952    0.0533
   14.0018    0.0530
   14.0084    0.0526
   14.0215    0.0519
   14.0215    0.0519
   14.0346    0.0512
   14.0606    0.0498
   14.0736    0.0491
   14.0864    0.0484
   14.0864    0.0484
   14.0864    0.0484
   14.0864    0.0484
   14.0864    0.0484
   14.1248    0.0464
   14.1501    0.0451
   14.1501    0.0451
   14.1501    0.0451
   14.1752    0.0439
   14.1814    0.0436
   14.1876    0.0433
   14.1876    0.0433
   14.2062    0.0424
   14.2124    0.0421
   14.2186    0.0418
   14.2247    0.0415
   14.2247    0.0415
   14.2734    0.0392
   14.2734    0.0392
   14.2734    0.0392
   14.2855    0.0387
   14.2915    0.0384
   14.2915    0.0384
   14.3035    0.0378
   14.3035    0.0378
   14.3213    0.0371
   14.3331    0.0365
   14.3449    0.0360
   14.3449    0.0360
   14.3449    0.0360
   14.3449    0.0360
   14.3567    0.0355
   14.3742    0.0348
   14.3800    0.0345
   14.3800    0.0345
   14.3915    0.0341
   14.4088    0.0334
   14.4145    0.0331
   14.4259    0.0327
   14.4486    0.0318
   14.4486    0.0318
   14.4654    0.0312
   14.4821    0.0305
   14.4932    0.0301
   14.4988    0.0299
   14.5043    0.0297
   14.5043    0.0297
   14.5043    0.0297
   14.5043    0.0297
   14.5262    0.0290
   14.5424    0.0284
   14.5478    0.0282
   14.5478    0.0282
   14.5478    0.0282
   14.5532    0.0280
   14.5586    0.0279
   14.5799    0.0272
   14.5853    0.0270
   14.6011    0.0265
   14.6116    0.0262
   14.6427    0.0253
   14.6529    0.0250
   14.6581    0.0249
   14.6632    0.0247
   14.6632    0.0247
   14.6632    0.0247
   14.6733    0.0245
   14.6733    0.0245
   14.6733    0.0245
   14.6884    0.0241
   14.6884    0.0241
   14.6934    0.0239
   14.7084    0.0236
   14.7134    0.0235
   14.7134    0.0235
   14.7134    0.0235
   14.7331    0.0230
   14.7622    0.0224
   14.7765    0.0221
   14.7792    0.0220
   14.7861    0.0219
   14.7908    0.0218
   14.7955    0.0218
   14.8096    0.0215
   14.8189    0.0214
   14.8189    0.0214
   14.8282    0.0212
   14.8282    0.0212
   14.8295    0.0207
   14.8736    0.0206
   14.8773    0.0206
   14.8785    0.0197
   14.8966    0.0195
   14.9261    0.0188
   14.9339    0.0186
   14.9424    0.0185
   14.9472    0.0182
   14.9678    0.0180
   14.9709    0.0177
   14.9963    0.0171
   15.0065    0.0170
   15.0342    0.0166
   15.0370    0.0163
   15.0440    0.0163
   15.0560    0.0159
   15.0663    0.0159
   15.0727    0.0156
   15.0903    0.0156
   15.0941    0.0152
   15.0966    0.0152
   15.1156    0.0148
   15.1205    0.0147
   15.1424    0.0146
   15.1584    0.0141
   15.1635    0.0139
   15.1748    0.0138
   15.1868    0.0137
   15.2063    0.0132
   15.2090    0.0131
   15.2219    0.0130
   15.2304    0.0128
   15.2337    0.0127
   15.2702    0.0122
   15.2843    0.0118
   15.2896    0.0117
   15.3248    0.0113
   15.3309    0.0111
   15.3337    0.0110
   15.3425    0.0108
   15.3585    0.0107
   15.3630    0.0106
   15.3871    0.0104
   15.4067    0.0099
   15.4122    0.0098
   15.4224    0.0097
   15.4302    0.0095
   15.4534    0.0092
   15.4617    0.0091
   15.4741    0.0091
   15.4822    0.0090
   15.4987    0.0087
   15.5292    0.0081
   15.5482    0.0080
   15.5488    0.0080
   15.5774    0.0075
   15.5994    0.0072
   15.6024    0.0071
   15.6150    0.0070
   15.6150    0.0070
   15.6228    0.0070
   15.6469    0.0066
   15.6496    0.0066
   15.6919    0.0063
   15.7029    0.0059
   15.7158    0.0059
   15.7268    0.0057
   15.7428    0.0056
   15.7484    0.0055
   15.7737    0.0052
   15.7737    0.0052
   15.7973    0.0049
   15.8298    0.0046
   15.8559    0.0045
   15.8589    0.0043
   15.8755    0.0041
   15.8883    0.0040
   15.9131    0.0038
   15.9446    0.0035
   15.9582    0.0035
   15.9961    0.0031
   16.0040    0.0030
   16.0208    0.0029
   16.0483    0.0027
   16.0818    0.0024
   16.1340    0.0021
   16.1785    0.0018
   16.1785    0.0018
   16.1859    0.0018
   16.1955    0.0017
   16.2391    0.0015
   16.2655    0.0013
   16.2835    0.0012
   16.3100    0.0011
   16.3101    0.0011
   16.3408    0.0010
   16.3985    0.0008
   16.3985    0.0008
   16.4072    0.0007
   16.4432    0.0005
   16.4864    0.0005
   16.5103    0.0003
   16.5443    0.0003
   16.5585    0.0002
   16.5769    0.0002
   16.6211    0.0001
   16.6268    0.0001
   16.6941    0.0000
   16.7342    0.0000
   16.7573    0.0000